1 0,3573 0,2750 0,2059 0,1485 0,1015 0,0642 0,0358 0,0158 0,0039 0,0010 0,0002 0,0000 0,0000 0,0000
2 1,1957 1,0217 0,8616 0,7133 0,5754 0,4463 0,3250 0,2107 0,1026 0,0506 0,0201 0,0100 0,0050 0,0020
3 2,1095 1,8692 1,6416 1,4237 1,2125 1,0052 0,7978 0,5844 0,3518 0,2158 0,1148 0,0717 0,0449 0,0243
4 3,0469 2,7528 2,4701 2,1947 1,9226 1,6488 1,3665 1,0636 0,7107 0,4844 0,2971 0,2070 0,1449 0,0908
5 3,9959 3,6555 3,3251 2,9999 2,6746 2,3425 1,9938 1,6103 1,1455 0,8312 0,5543 0,4118 0,3075 0,2102
6 4,9519 4,5702 4,1973 3,8276 3,4546 3,0701 2,6613 2,2041 1,6354 1,2373 0,8721 0,6757 0,5266 0,3810
7 5,9125 5,4932 5,0816 4,6713 4,2549 3,8223 3,3583 2,8331 2,1673 1,6899 1,2390 0,9893 0,7945 0,5985
8 6,8766 6,4226 5,9753 5,5274 5,0706 4,5936 4,0782 3,4895 2,7326 2,1797 1,6465 1,3444 1,1042 0,8571
9 7,8434 7,3570 6,8763 6,3933 5,8988 5,3801 4,8165 4,1682 3,3251 2,7004 2,0879 1,7349 1,4501 1,1519
10 8,8124 8,2955 7,7832 7,2672 6,7372 6,1791 5,5701 4,8652 3,9403 3,2470 2,5582 2,1558 1,8274 1,4787
11 9,7831 9,2373 8,6952 8,1479 7,5841 6,9887 6,3364 5,5778 4,5748 3,8157 3,0535 2,6032 2,2321 1,8338
12 10,7553 10,1820 9,6115 9,0343 8,4384 7,8073 7,1138 6,3038 5,2260 4,4038 3,5706 3,0738 2,6612 2,2141
13 11,7288 11,1291 10,5315 9,9257 9,2991 8,6339 7,9008 7,0415 5,8919 5,0087 4,1069 3,5650 3,1118 2,6172
14 12,7034 12,0785 11,4548 10,8215 10,1653 9,4673 8,6963 7,7895 6,5706 5,6287 4,6604 4,0747 3,5820 3,0407
15 13,6790 13,0298 12,3809 11,7212 11,0365 10,3070 9,4993 8,5468 7,2609 6,2621 5,2294 4,6009 4,0697 3,4825
16 14,6555 13,9827 13,3096 12,6243 11,9122 11,1521 10,3090 9,3122 7,9616 6,9077 5,8122 5,1422 4,5734 3,9417
17 15,6328 14,9373 14,2406 13,5307 12,7919 12,0023 11,1249 10,0852 8,6718 7,5642 6,4077 5,6973 5,0916 4,4162
18 16,6108 15,8932 15,1738 14,4399 13,6753 12,8570 11,9462 10,8649 9,3904 8,2307 7,0149 6,2648 5,6234 4,9048
19 17,5894 16,8504 16,1089 15,3517 14,5620 13,7158 12,7727 11,6509 10,1170 8,9065 7,6327 6,8439 6,1673 5,4067
20 18,5687 17,8088 17,0458 16,2659 15,4518 14,5784 13,6039 12,4426 10,8508 9,5908 8,2604 7,4338 6,7228 5,9210
21 19,5485 18,7683 17,9843 17,1823 16,3444 15,4446 14,4393 13,2396 11,5913 10,2829 8,8972 8,0336 7,2889 6,4467
22 20,5288 19,7288 18,9243 18,1007 17,2396 16,3140 15,2787 14,0415 12,3380 10,9823 9,5425 8,6427 7,8648 6,9829
23 21,5095 20,6902 19,8657 19,0211 18,1373 17,1865 16,1219 14,8480 13,0905 11,6885 10,1957 9,2604 8,4503 7,5291
24 22,4908 21,6525 20,8084 19,9432 19,0373 18,0618 16,9686 15,6587 13,8484 12,4011 10,8563 9,8862 9,0441 8,0847
25 23,4724 22,6156 21,7524 20,8670 19,9393 18,9397 17,8184 16,4734 14,6114 13,1197 11,5240 10,5196 9,6462 8,6494
26 24,4544 23,5794 22,6975 21,7924 20,8434 19,8202 18,6714 17,2919 15,3792 13,8439 12,1982 11,1602 10,2561 9,2222
27 25,4367 24,5440 23,6437 22,7192 21,7494 20,7030 19,5272 18,1139 16,1514 14,5734 12,8785 11,8077 10,8733 9,8029
28 26,4195 25,5092 24,5909 23,6475 22,6572 21,5880 20,3857 18,9392 16,9279 15,3079 13,5647 12,4613 11,4973 10,3907
29 27,4025 26,4751 25,5391 24,5770 23,5666 22,4751 21,2468 19,7677 17,7084 16,0471 14,2564 13,1211 12,1278 10,9861
30 28,3858 27,4416 26,4881 25,5078 24,4776 23,3641 22,1103 20,5992 18,4927 16,7908 14,9535 13,7867 12,7646 11,5876
31 29,3694 28,4087 27,4381 26,4397 25,3901 24,2551 22,9762 21,4336 19,2806 17,5387 15,6555 14,4577 13,4073 12,1961
32 30,3533 29,3763 28,3889 27,3728 26,3041 25,1478 23,8442 22,2706 20,0719 18,2908 16,3622 15,1340 14,0555 12,8104
33 31,3375 30,3444 29,3405 28,3069 27,2194 26,0422 24,7143 23,1102 20,8665 19,0467 17,0735 15,8152 14,7092 13,4312
34 32,3219 31,3130 30,2928 29,2421 28,1361 26,9383 25,5864 23,9522 21,6643 19,8062 17,7891 16,5013 15,3679 14,0568
35 33,3065 32,2821 31,2458 30,1782 29,0540 27,8359 26,4604 24,7966 22,4650 20,5694 18,5089 17,1917 16,0315 14,6881
36 34,2913 33,2517 32,1995 31,1152 29,9730 28,7350 27,3363 25,6433 23,2686 21,3359 19,2326 17,8868 16,7000 15,3243
37 35,2764 34,2216 33,1539 32,0532 30,8933 29,6355 28,2138 26,4921 24,0749 22,1056 19,9603 18,5859 17,3730 15,9652
38 36,2617 35,1920 34,1089 32,9919 31,8146 30,5373 29,0931 27,3430 24,8839 22,8785 20,6914 19,2888 18,0501 16,6109
39 37,2472 36,1628 35,0645 33,9315 32,7369 31,4405 29,9739 28,1958 25,6954 23,6543 21,4261 19,9958 18,7318 17,2612
40 38,2328 37,1340 36,0207 34,8719 33,6603 32,3449 30,8563 29,0505 26,5093 24,4331 22,1642 20,7066 19,4171 17,9166
45 43,1638 41,9950 40,8095 39,5847 38,2910 36,8844 35,2895 33,3504 30,6123 28,3662 25,9012 24,3110 22,8994 21,2509
50 48,0986 46,8638 45,6100 44,3133 42,9421 41,4492 39,7539 37,6886 34,7642 32,3574 29,7067 27,9908 26,4636 24,6736
55 53,0367 51,7391 50,4204 49,0554 47,6105 46,0356 44,2448 42,0596 38,9581 36,3981 33,5705 31,7349 30,0974 28,1731
60 57,9775 56,6200 55,2394 53,8091 52,2938 50,6406 48,7587 46,4589 43,1880 40,4817 37,4848 35,5344 33,7909 31,7381
70 67,8664 66,3961 64,8990 63,3460 61,6983 59,8978 57,8443 55,3289 51,7393 48,7575 45,4417 43,2753 41,3323 39,0358
80 77,7631 76,1879 74,5825 72,9153 71,1445 69,2070 66,9938 64,2778 60,3915 57,1532 53,5400 51,1719 49,0430 46,5197
90 87,6661 85,9925 84,2854 82,5111 80,6247 78,5584 76,1954 73,2911 69,1260 65,6466 61,7540 59,1963 56,8918 54,1559
100 97,5744 95,8078 94,0046 92,1290 90,1332 87,9453 85,4406 82,3581 77,9294 74,2219 70,0650 67,3275 64,8571 61,9182
120 117,4041 115,4646 113,4825 111,4186 109,2197 106,8056 104,0374 100,6236 95,7046 91,5726 86,9233 83,8517 81,0726 77,7555
140 137,2476 135,1491 133,0028 130,7657 128,3800 125,7580 122,7476 119,0293 113,6594 109,1368 104,0343 100,6547 97,5908 93,9253
160 157,1019 154,8555 152,5564 150,1583 147,5988 144,7834 141,5475 137,5457 131,7560 126,8700 121,3457 117,6791 114,3496 110,3592
180 176,9652 174,5799 172,1373 169,5879 166,8653 163,8682 160,4206 156,1526 149,9687 144,7413 138,8205 134,8843 131,3050 127,0114
200 196,8359 194,3193 191,7409 189,0486 186,1717 183,0028 179,3550 174,8353 168,2785 162,7280 156,4321 152,2408 148,4262 143,8420
250 246,5387 243,7202 240,8297 237,8085 234,5768 231,0128 226,9048 221,8059 214,3915 208,0978 200,9387 196,1604 191,8020 186,5537
300 296,2700 293,1786 290,0062 286,6878 283,1353 279,2143 274,6901 269,0679 260,8781 253,9122 245,9727 240,6631 235,8126 229,9620
500 495,3734 491,3709 487,2569 482,9462 478,3231 473,2099 467,2962 459,9261 449,1467 439,9360 429,3874 422,3034 415,8081 407,9458
600 594,9938 590,6057 586,0930 581,3623 576,2859 570,6681 564,1661 556,0560 544,1801 534,0185 522,3654 514,5285 507,3385 498,6219