1 10,8274 9,1404 7,8794 6,6349 5,0239 3,8415 2,7055 2,0722 1,6424 1,3233 1,0742 0,8735 0,7083 0,5707 0,4549
2 13,8150 11,9827 10,5965 9,2104 7,3778 5,9915 4,6052 3,7942 3,2189 2,7726 2,4079 2,0996 1,8326 1,5970 1,3863
3 16,2660 14,3202 12,8381 11,3449 9,3484 7,8147 6,2514 5,3170 4,6416 4,1083 3,6649 3,2831 2,9462 2,6430 2,3660
4 18,4662 16,4238 14,8602 13,2767 11,1433 9,4877 7,7794 6,7449 5,9886 5,3853 4,8784 4,4377 4,0446 3,6871 3,3567
5 20,5147 18,3854 16,7496 15,0863 12,8325 11,0705 9,2363 8,1152 7,2893 6,6257 6,0644 5,5731 5,1319 4,7278 4,3515
6 22,4575 20,2491 18,5475 16,8119 14,4494 12,5916 10,6446 9,4461 8,5581 7,8408 7,2311 6,6948 6,2108 5,7652 5,3481
7 24,3213 22,0402 20,2777 18,4753 16,0128 14,0671 12,0170 10,7479 9,8032 9,0371 8,3834 7,8061 7,2832 6,8000 6,3458
8 26,1239 23,7742 21,9549 20,0902 17,5345 15,5073 13,3616 12,0271 11,0301 10,2189 9,5245 8,9094 8,3505 7,8325 7,3441
9 27,8767 25,4625 23,5893 21,6660 19,0228 16,9190 14,6837 13,2880 12,2421 11,3887 10,6564 10,0060 9,4136 8,8632 8,3428
10 29,5879 27,1119 25,1881 23,2093 20,4832 18,3070 15,9872 14,5339 13,4420 12,5489 11,7807 11,0971 10,4732 9,8922 9,3418
11 31,2635 28,7291 26,7569 24,7250 21,9200 19,6752 17,2750 15,7671 14,6314 13,7007 12,8987 12,1836 11,5298 10,9199 10,3410
12 32,9092 30,3182 28,2997 26,2170 23,3367 21,0261 18,5493 16,9893 15,8120 14,8454 14,0111 13,2661 12,5838 11,9463 11,3403
13 34,5274 31,8830 29,8193 27,6882 24,7356 22,3620 19,8119 18,2020 16,9848 15,9839 15,1187 14,3451 13,6356 12,9717 12,3398
14 36,1239 33,4262 31,3194 29,1412 26,1189 23,6848 21,0641 19,4062 18,1508 17,1169 16,2221 15,4209 14,6853 13,9961 13,3393
15 37,6978 34,9494 32,8015 30,5780 27,4884 24,9958 22,3071 20,6030 19,3107 18,2451 17,3217 16,4940 15,7332 15,0197 14,3389
16 39,2518 36,4555 34,2671 31,9999 28,8453 26,2962 23,5418 21,7931 20,4651 19,3689 18,4179 17,5646 16,7795 16,0425 15,3385
17 40,7911 37,9462 35,7184 33,4087 30,1910 27,5871 24,7690 22,9770 21,6146 20,4887 19,5110 18,6330 17,8244 17,0646 16,3382
18 42,3119 39,4220 37,1564 34,8052 31,5264 28,8693 25,9894 24,1555 22,7595 21,6049 20,6014 19,6993 18,8679 18,0860 17,3379
19 43,8194 40,8847 38,5821 36,1908 32,8523 30,1435 27,2036 25,3289 23,9004 22,7178 21,6891 20,7638 19,9102 19,1069 18,3376
20 45,3142 42,3358 39,9969 37,5663 34,1696 31,4104 28,4120 26,4976 25,0375 23,8277 22,7745 21,8265 20,9514 20,1272 19,3374
21 46,7963 43,7749 41,4009 38,9322 35,4789 32,6706 29,6151 27,6620 26,1711 24,9348 23,8578 22,8876 21,9915 21,1470 20,3372
22 48,2676 45,2041 42,7957 40,2894 36,7807 33,9245 30,8133 28,8224 27,3015 26,0393 24,9390 23,9473 23,0307 22,1663 21,3370
23 49,7276 46,6231 44,1814 41,6383 38,0756 35,1725 32,0069 29,9792 28,4288 27,1413 26,0184 25,0055 24,0689 23,1852 22,3369
24 51,1790 48,0336 45,5584 42,9798 39,3641 36,4150 33,1962 31,1325 29,5533 28,2412 27,0960 26,0625 25,1064 24,2037 23,3367
25 52,6187 49,4351 46,9280 44,3140 40,6465 37,6525 34,3816 32,2825 30,6752 29,3388 28,1719 27,1183 26,1430 25,2218 24,3366
26 54,0511 50,8291 48,2898 45,6416 41,9231 38,8851 35,5632 33,4295 31,7946 30,4346 29,2463 28,1730 27,1789 26,2395 25,3365
27 55,4751 52,2152 49,6450 46,9628 43,1945 40,1133 36,7412 34,5736 32,9117 31,5284 30,3193 29,2266 28,2141 27,2569 26,3363
28 56,8918 53,5939 50,9936 48,2782 44,4608 41,3372 37,9159 35,7150 34,0266 32,6205 31,3909 30,2791 29,2486 28,2740 27,3362
29 58,3006 54,9662 52,3355 49,5878 45,7223 42,5569 39,0875 36,8538 35,1394 33,7109 32,4612 31,3308 30,2825 29,2908 28,3361
30 59,7022 56,3325 53,6719 50,8922 46,9792 43,7730 40,2560 37,9902 36,2502 34,7997 33,5302 32,3815 31,3159 30,3073 29,3360
31 61,0980 57,6921 55,0025 52,1914 48,2319 44,9853 41,4217 39,1244 37,3591 35,8871 34,5981 33,4314 32,3486 31,3235 30,3359
32 62,4873 59,0461 56,3280 53,4857 49,4804 46,1942 42,5847 40,2563 38,4663 36,9730 35,6649 34,4804 33,3809 32,3394 31,3359
33 63,8694 60,3953 57,6483 54,7754 50,7251 47,3999 43,7452 41,3861 39,5718 38,0575 36,7307 35,5287 34,4126 33,3551 32,3358
34 65,2471 61,7382 58,9637 56,0609 51,9660 48,6024 44,9032 42,5140 40,6756 39,1408 37,7954 36,5763 35,4438 34,3706 33,3357
35 66,6192 63,0760 60,2746 57,3420 53,2033 49,8018 46,0588 43,6399 41,7780 40,2228 38,8591 37,6231 36,4746 35,3858 34,3356
36 67,9850 64,4097 61,5811 58,6192 54,4373 50,9985 47,2122 44,7641 42,8788 41,3036 39,9220 38,6693 37,5049 36,4008 35,3356
37 69,3476 65,7384 62,8832 59,8926 55,6680 52,1923 48,3634 45,8864 43,9782 42,3833 40,9839 39,7148 38,5348 37,4156 36,3355
38 70,7039 67,0628 64,1812 61,1620 56,8955 53,3835 49,5126 47,0072 45,0763 43,4619 42,0450 40,7597 39,5643 38,4302 37,3354
39 72,0550 68,3830 65,4753 62,4281 58,1201 54,5722 50,6598 48,1263 46,1730 44,5395 43,1053 41,8040 40,5935 39,4446 38,3354
40 73,4029 69,6987 66,7660 63,6908 59,3417 55,7585 51,8050 49,2438 47,2685 45,6160 44,1649 42,8477 41,6222 40,4589 39,3353
45 80,0776 76,2229 73,1660 69,9569 65,4101 61,6562 57,5053 54,8105 52,7288 50,9849 49,4517 48,0584 46,7607 45,5274 44,3351
50 86,6603 82,6637 79,4898 76,1538 71,4202 67,5048 63,1671 60,3460 58,1638 56,3336 54,7228 53,2576 51,8916 50,5923 49,3349
55 93,1671 89,0344 85,7491 82,2920 77,3804 73,3115 68,7962 65,8550 63,5772 61,6650 59,9804 58,4469 57,0160 55,6539 54,3348
60 99,6078 95,3443 91,9518 88,3794 83,2977 79,0820 74,3970 71,3411 68,9721 66,9815 65,2265 63,6277 62,1348 60,7128 59,3347
70 112,3167 107,8079 104,2148 100,4251 95,0231 90,5313 85,5270 82,2553 79,7147 77,5766 75,6893 73,9677 72,3583 70,8236 69,3345
80 124,8389 120,1018 116,3209 112,3288 106,6285 101,8795 96,5782 93,1058 90,4053 88,1303 86,1197 84,2840 82,5663 80,9266 79,3343
90 137,2082 132,2554 128,2987 124,1162 118,1359 113,1452 107,5650 103,9040 101,0537 98,6499 96,5238 94,5809 92,7614 91,0234 89,3342
100 149,4488 144,2925 140,1697 135,8069 129,5613 124,3421 118,4980 114,6588 111,6667 109,1412 106,9058 104,8615 102,9459 101,1149 99,3341
120 173,6184 168,0814 163,6485 158,9500 152,2113 146,5673 140,2326 136,0620 132,8063 130,0546 127,6159 125,3833 123,2890 121,2850 119,3340
140 197,4498 191,5653 186,8465 181,8405 174,6478 168,6130 161,8270 157,3517 153,8537 150,8941 148,2686 145,8629 143,6043 141,4413 139,3339
160 221,0197 214,8081 209,8238 204,5300 196,9152 190,5164 183,3106 178,5517 174,8283 171,6752 168,8759 166,3092 163,8977 161,5868 159,3338
180 244,3723 237,8548 232,6198 227,0563 219,0442 212,3039 204,7036 199,6786 195,7434 192,4086 189,4462 186,7282 184,1732 181,7234 179,3338
200 267,5388 260,7350 255,2638 249,4452 241,0578 233,9942 226,0210 220,7441 216,6088 213,1022 209,9854 207,1244 204,4337 201,8526 199,3337
250 324,8306 317,3609 311,3460 304,9393 295,6885 287,8815 279,0504 273,1944 268,5987 264,6970 261,2253 258,0355 255,0327 252,1497 249,3337
300 381,4239 373,3509 366,8439 359,9064 349,8745 341,3951 331,7885 325,4090 320,3971 316,1383 312,3460 308,8589 305,5741 302,4182 299,3336
500 603,4458 593,3580 585,2060 576,4931 563,8514 553,1269 540,9303 532,8028 526,4014 520,9505 516,0874 511,6081 507,3816 503,3147 499,3335
600 712,7726 701,8322 692,9809 683,5155 669,7690 658,0936 644,8004 635,9329 628,8157 622,9876 617,6713 612,7718 608,1468 603,6942 599,3335