0 -1 2.576 2.326 2.170 2.054 1.960 1.881 1.812 1.751 1.695
1 1.645 1.598 1.555 1.514 1.476 1.440 1.405 1.372 1.341 1.311
2 1.282 1.254 1.227 1.200 1.175 1.150 1.126 1.103 1.080 1.058
3 1.036 1.015 0.994 0.974 0.954 0.935 0.915 0.896 0.878 0.860
4 0.842 0.824 0.806 0.789 0.772 0.755 0.739 0.722 0.706 0.690
5 0.674 0.659 0.643 0.628 0.613 0.598 0.583 0.568 0.553 0.539
6 0.524 0.510 0.496 0.482 0.468 0.454 0.440 0.426 0.412 0.399
7 0.385 0.372 0.358 0.345 0.332 0.319 0.305 0.292 0.279 0.266
8 0.253 0.240 0.228 0.215 0.202 0.189 0.176 0.164 0.151 0.138
9 0.126 0.113 0.100 0.088 0.075 0.063 0.050 0.038 0.025 0.013
