1 0,90000 0,95000 0,97500 0,99000 0,99500
2 0,68377 0,77639 0,84189 0,90000 0,92929
3 0,56481 0,63604 0,70760 0,78456 0,82900
4 0,49265 0,56522 0,62394 0,68887 0,73424
5 0,44698 0,50945 0,56328 0,62718 0,66853
6 0,41037 0,46799 0,51926 0,57741 0,61661
7 0,38148 0,43607 0,48342 0,53844 0,57581
8 0,35831 0,40962 0,45427 0,50654 0,54179
9 0,33910 0,38746 0,43001 0,47960 0,51332
10 0,32260 0,36866 0,40925 0,45662 0,48893
11 0,30829 0,35242 0,39122 0,43670 0,46770
12 0,29577 0,33815 0,37543 0,41918 0,44905
13 0,28470 0,32549 0,36143 0,40362 0,43247
14 0,27481 0,31417 0,34890 0,38970 0,41762
15 0,26588 0,30397 0,33760 0,37713 0,40420
16 0,25778 0,29472 0,32733 0,36571 0,39201
17 0,25039 0,28627 0,31796 0,35528 0,38086
18 0,24360 0,27851 0,30936 0,34569 0,37062
19 0,23735 0,27136 0,30143 0,33685 0,36117
20 0,23156 0,26473 0,29408 0,32866 0,35241
21 0,22617 0,25858 0,28724 0,32104 0,34427
22 0,22115 0,25283 0,28087 0,31394 0,33666
23 0,21645 0,24746 0,27490 0,30728 0,32954
24 0,21205 0,24242 0,26931 0,30104 0,32286
25 0,20790 0,23768 0,26404 0,29516 0,31657
26 0,20399 0,23320 0,25907 0,28962 0,31064
27 0,20030 0,22898 0,25438 0,28438 0,30502
28 0,19680 0,22497 0,24993 0,27942 0,29971
29 0,19348 0,22117 0,24571 0,27471 0,29466
30 0,19032 0,21756 0,24170 0,27023 0,28987
31 0,18732 0,21412 0,23788 0,26596 0,28530
32 0,18445 0,21085 0,23424 0,26189 0,28094
33 0,18171 0,20771 0,23076 0,25801 0,27677
34 0,17909 0,20472 0,22743 0,25429 0,27279
35 0,17659 0,20185 0,22425 0,25073 0,26897
36 0,17418 0,19910 0,22119 0,24732 0,26532
37 0,17188 0,19646 0,21826 0,24404 0,26180
38 0,16966 0,19392 0,21544 0,24089 0,25843
39 0,16753 0,19148 0,21273 0,23786 0,25518
40 0,16547 0,18913 0,21012 0,23494 0,25205
41 0,16349 0,18687 0,20760 0,23213 0,24904
42 0,16158 0,18468 0,20517 0,22941 0,24613
43 0,15974 0,18257 0,20283 0,22679 0,24332
44 0,15796 0,18053 0,20056 0,22426 0,24060
45 0,15623 0,17856 0,19837 0,22181 0,23798
46 0,15457 0,17665 0,19625 0,21944 0,23544
47 0,15295 0,17481 0,19420 0,21715 0,23298
48 0,15139 0,17302 0,19221 0,21493 0,23059
49 0,14987 0,17128 0,19028 0,21277 0,22828
50 0,14840 0,16959 0,18841 0,21068 0,22604
51 0,14697 0,16796 0,18659 0,20864 0,22386
52 0,14558 0,16637 0,18482 0,20667 0,22174
53 0,14423 0,16483 0,18311 0,20475 0,21968
54 0,14292 0,16332 0,18144 0,20289 0,21768
55 0,14164 0,16186 0,17981 0,20107 0,21574
56 0,14040 0,16044 0,17823 0,19930 0,21384
57 0,13919 0,15906 0,17669 0,19758 0,21199
58 0,13801 0,15771 0,17519 0,19590 0,21019
59 0,13686 0,15639 0,17373 0,19427 0,20844
60 0,13573 0,15511 0,17231 0,19267 0,20673
61 0,13464 0,15385 0,17091 0,19112 0,20506
62 0,13357 0,15263 0,16956 0,18960 0,20343
63 0,13253 0,15144 0,16823 0,18812 0,20184
64 0,13151 0,15027 0,16693 0,18667 0,20029
65 0,13052 0,14913 0,16567 0,18525 0,19877
66 0,12954 0,14802 0,16443 0,18387 0,19729
67 0,12859 0,14693 0,16322 0,18252 0,19584
68 0,12766 0,14587 0,16204 0,18119 0,19442
69 0,12675 0,14483 0,16088 0,17990 0,19303
70 0,12586 0,14381 0,15975 0,17863 0,19167